0 500 309 972 503 325 974 591 489 498 991 819 898 546 947 508 780 890 420 973
500 0 567 898 123 879 675 731 489 730 890 123 879 467 1000 897 650 234 567 989
309 567 0 768 489 123 567 879 567 123 879 489 123 567 879 467 567 123 456 879
972 898 768 0 890 123 567 879 567 123 567 879 567 123 567 879 567 123 567 879
503 123 489 890 0 567 879 567 879 567 879 567 879 567 879 567 879 567 879 567
325 879 123 123 567 0 567 879 567 879 567 879 567 879 567 879 567 879 567 879
974 675 567 567 879 567 0 123 567 879 567 879 567 879 567 879 567 879 567 879
591 731 879 879 567 879 123 0 567 879 567 879 567 879 567 879 567 879 567 879
489 489 567 567 879 567 567 567 0 879 567 879 567 879 567 879 567 879 567 879
498 730 123 123 567 879 879 879 879 0 567 879 567 879 567 879 567 879 567 879
991 890 879 567 879 567 567 567 567 567 0 879 567 879 567 879 567 879 567 879
819 123 489 879 567 879 879 879 879 879 879 0 567 879 567 879 567 879 567 879
898 879 123 567 879 567 879 879 879 879 567 567 0 879 567 879 567 879 567 879
546 467 567 123 567 879 879 879 879 879 879 879 879 0 567 879 567 879 567 879
947 1000 879 567 879 567 567 567 567 567 567 567 567 567 0 567 879 567 879 567
508 897 467 879 567 879 879 879 879 879 879 879 879 879 567 0 567 879 567 879
780 650 567 567 879 567 567 567 567 567 567 567 567 567 879 567 0 879 567 879
890 234 123 123 567 879 879 879 879 879 879 879 879 879 567 879 567 0 567 879
420 567 456 567 879 567 567 567 567 567 567 567 567 567 879 567 567 567 0 879
973 989 879 879 567 879 879 879 879 879 879 879 879 879 567 879 879 879 879 0
